Queries: 1000
Accuracy: 0.84168
Time: 0.00662016
