Queries: 1000
Accuracy: 0.84908
Time: 0.31819
