HierarchicalSearch
Queries: 1000
Accuracy: 0.74678
Time: 0.0016231
