MultiIndexSearch
Queries: 1000
Accuracy: 0.69642
Time: 0.00376184
