Queries: 1000
Accuracy: 0.70098
Time: 0.0031471
